{
 "cells": [
  {
   "cell_type": "markdown",
   "id": "11636748",
   "metadata": {},
   "source": [
    "## MLFlow Model Serving with FastAPI"
   ]
  },
  {
   "cell_type": "code",
   "execution_count": 1,
   "id": "cfa8fea8",
   "metadata": {},
   "outputs": [
    {
     "name": "stdout",
     "output_type": "stream",
     "text": [
      "mlflow, version 1.30.0\n"
     ]
    }
   ],
   "source": [
    "!mlflow --version"
   ]
  },
  {
   "cell_type": "markdown",
   "id": "e42394d9",
   "metadata": {},
   "source": [
    "### Create functions for all the steps involved in complete model training lifecycle\n",
    "Note: Model creation is not the main purpose of this notebook so not everything related to data cleaning and preprocissing is present. Main idea is to understand how to track experiment using MLFlow."
   ]
  },
  {
   "cell_type": "code",
   "execution_count": 14,
   "id": "0b3794d9",
   "metadata": {},
   "outputs": [],
   "source": [
    "import os"
   ]
  },
  {
   "cell_type": "code",
   "execution_count": 2,
   "id": "c8185d5b",
   "metadata": {},
   "outputs": [],
   "source": [
    "def load_data(url):\n",
    "    import pandas as pd\n",
    "    # Load dataset\n",
    "    data = pd.read_csv(filepath_or_buffer=url,sep=',')\n",
    "    return data"
   ]
  },
  {
   "cell_type": "code",
   "execution_count": 3,
   "id": "75479a21",
   "metadata": {},
   "outputs": [],
   "source": [
    "def train_test_pre_processing(final_data,target_column):\n",
    "    X = final_data.loc[:, final_data.columns != target_column]\n",
    "    y = final_data.loc[:, final_data.columns == target_column]\n",
    "    \n",
    "    return X, y"
   ]
  },
  {
   "cell_type": "code",
   "execution_count": 4,
   "id": "5825d668",
   "metadata": {},
   "outputs": [],
   "source": [
    "def training_basic_classifier(X_train,y_train):\n",
    "    from sklearn.linear_model import LogisticRegression\n",
    "    classifier = LogisticRegression()\n",
    "    classifier.fit(X_train,y_train)\n",
    "    \n",
    "    return classifier"
   ]
  },
  {
   "cell_type": "code",
   "execution_count": 5,
   "id": "c34747b2",
   "metadata": {},
   "outputs": [],
   "source": [
    "def predict_on_test_data(model,X_test):\n",
    "    y_pred = model.predict(X_test)\n",
    "    return y_pred"
   ]
  },
  {
   "cell_type": "code",
   "execution_count": 6,
   "id": "2087986e",
   "metadata": {},
   "outputs": [],
   "source": [
    "def predict_prob_on_test_data(model,X_test):\n",
    "    y_pred = model.predict_proba(X_test)\n",
    "    return y_pred"
   ]
  },
  {
   "cell_type": "code",
   "execution_count": 7,
   "id": "3ac32a7c",
   "metadata": {},
   "outputs": [],
   "source": [
    "def get_metrics(y_true, y_pred, y_pred_prob):\n",
    "    from sklearn.metrics import accuracy_score,precision_score,recall_score,log_loss\n",
    "    acc = accuracy_score(y_true, y_pred)\n",
    "    prec = precision_score(y_true, y_pred,average='micro')\n",
    "    recall = recall_score(y_true, y_pred,average='micro')\n",
    "    #entropy = log_loss(y_true, y_pred_prob)\n",
    "    return {'accuracy': round(acc, 2), 'precision': round(prec, 2), 'recall': round(recall, 2)}"
   ]
  },
  {
   "cell_type": "code",
   "execution_count": 24,
   "id": "f767837c",
   "metadata": {},
   "outputs": [],
   "source": [
    "def create_roc_auc_plot(clf, X_data, y_data):\n",
    "    import matplotlib.pyplot as plt\n",
    "    from sklearn import metrics\n",
    "    metrics.plot_roc_curve(clf, X_data, y_data) \n",
    "    plt.savefig(os.getcwd() + '\\classificationPlots\\roc_auc_curve.png')"
   ]
  },
  {
   "cell_type": "code",
   "execution_count": 25,
   "id": "83ae255b",
   "metadata": {},
   "outputs": [],
   "source": [
    "def create_confusion_matrix_plot(clf, X_test, y_test):\n",
    "    import matplotlib.pyplot as plt\n",
    "    from sklearn.metrics import plot_confusion_matrix\n",
    "    plot_confusion_matrix(clf, X_test, y_test)\n",
    "    plt.savefig(os.getcwd() + '\\classificationPlots\\confusion_matrix.png')"
   ]
  },
  {
   "cell_type": "markdown",
   "id": "0b696d16",
   "metadata": {},
   "source": [
    "### Start calling above functions one by one and see the output"
   ]
  },
  {
   "cell_type": "markdown",
   "id": "bf35cdd5",
   "metadata": {},
   "source": [
    "**Data Loading**"
   ]
  },
  {
   "cell_type": "code",
   "execution_count": 15,
   "id": "f0544071",
   "metadata": {},
   "outputs": [
    {
     "data": {
      "text/plain": [
       "'C:\\\\Users\\\\bishw\\\\OneDrive\\\\Desktop\\\\Source_codes\\\\Regression-MLFlow-Flask-Application'"
      ]
     },
     "execution_count": 15,
     "metadata": {},
     "output_type": "execute_result"
    }
   ],
   "source": [
    "os.getcwd()"
   ]
  },
  {
   "cell_type": "code",
   "execution_count": 18,
   "id": "c828739b",
   "metadata": {},
   "outputs": [
    {
     "data": {
      "text/html": [
       "<div>\n",
       "<style scoped>\n",
       "    .dataframe tbody tr th:only-of-type {\n",
       "        vertical-align: middle;\n",
       "    }\n",
       "\n",
       "    .dataframe tbody tr th {\n",
       "        vertical-align: top;\n",
       "    }\n",
       "\n",
       "    .dataframe thead th {\n",
       "        text-align: right;\n",
       "    }\n",
       "</style>\n",
       "<table border=\"1\" class=\"dataframe\">\n",
       "  <thead>\n",
       "    <tr style=\"text-align: right;\">\n",
       "      <th></th>\n",
       "      <th>sepal-length</th>\n",
       "      <th>sepal-width</th>\n",
       "      <th>petal-length</th>\n",
       "      <th>petal-width</th>\n",
       "      <th>class</th>\n",
       "    </tr>\n",
       "  </thead>\n",
       "  <tbody>\n",
       "    <tr>\n",
       "      <th>0</th>\n",
       "      <td>5.1</td>\n",
       "      <td>3.5</td>\n",
       "      <td>1.4</td>\n",
       "      <td>0.2</td>\n",
       "      <td>Iris-setosa</td>\n",
       "    </tr>\n",
       "    <tr>\n",
       "      <th>1</th>\n",
       "      <td>4.9</td>\n",
       "      <td>3.0</td>\n",
       "      <td>1.4</td>\n",
       "      <td>0.2</td>\n",
       "      <td>Iris-setosa</td>\n",
       "    </tr>\n",
       "    <tr>\n",
       "      <th>2</th>\n",
       "      <td>4.7</td>\n",
       "      <td>3.2</td>\n",
       "      <td>1.3</td>\n",
       "      <td>0.2</td>\n",
       "      <td>Iris-setosa</td>\n",
       "    </tr>\n",
       "    <tr>\n",
       "      <th>3</th>\n",
       "      <td>4.6</td>\n",
       "      <td>3.1</td>\n",
       "      <td>1.5</td>\n",
       "      <td>0.2</td>\n",
       "      <td>Iris-setosa</td>\n",
       "    </tr>\n",
       "    <tr>\n",
       "      <th>4</th>\n",
       "      <td>5.0</td>\n",
       "      <td>3.6</td>\n",
       "      <td>1.4</td>\n",
       "      <td>0.2</td>\n",
       "      <td>Iris-setosa</td>\n",
       "    </tr>\n",
       "  </tbody>\n",
       "</table>\n",
       "</div>"
      ],
      "text/plain": [
       "   sepal-length  sepal-width  petal-length  petal-width        class\n",
       "0           5.1          3.5           1.4          0.2  Iris-setosa\n",
       "1           4.9          3.0           1.4          0.2  Iris-setosa\n",
       "2           4.7          3.2           1.3          0.2  Iris-setosa\n",
       "3           4.6          3.1           1.5          0.2  Iris-setosa\n",
       "4           5.0          3.6           1.4          0.2  Iris-setosa"
      ]
     },
     "execution_count": 18,
     "metadata": {},
     "output_type": "execute_result"
    }
   ],
   "source": [
    "import pandas\n",
    "data = pandas.read_csv(os.getcwd() + '\\dataset\\iris-train.csv')\n",
    "data.head()"
   ]
  },
  {
   "cell_type": "markdown",
   "id": "1c8c56ed",
   "metadata": {},
   "source": [
    "**Train-Test Split**"
   ]
  },
  {
   "cell_type": "code",
   "execution_count": 19,
   "id": "31cc680a",
   "metadata": {},
   "outputs": [],
   "source": [
    "target_column = 'class'\n",
    "X_train, y_train = train_test_pre_processing(data, target_column)"
   ]
  },
  {
   "cell_type": "code",
   "execution_count": 20,
   "id": "875b89a6",
   "metadata": {},
   "outputs": [
    {
     "data": {
      "text/plain": [
       "(   sepal-length  sepal-width  petal-length  petal-width\n",
       " 0           5.1          3.5           1.4          0.2\n",
       " 1           4.9          3.0           1.4          0.2\n",
       " 2           4.7          3.2           1.3          0.2\n",
       " 3           4.6          3.1           1.5          0.2\n",
       " 4           5.0          3.6           1.4          0.2,\n",
       "          class\n",
       " 0  Iris-setosa\n",
       " 1  Iris-setosa\n",
       " 2  Iris-setosa\n",
       " 3  Iris-setosa\n",
       " 4  Iris-setosa)"
      ]
     },
     "execution_count": 20,
     "metadata": {},
     "output_type": "execute_result"
    }
   ],
   "source": [
    "X_train.head(), y_train.head()"
   ]
  },
  {
   "cell_type": "code",
   "execution_count": 21,
   "id": "df551db4",
   "metadata": {},
   "outputs": [],
   "source": [
    "test_data = pandas.read_csv(os.getcwd() + '\\dataset\\iris-train.csv')\n",
    "target_column = 'class'\n",
    "X_test, y_test = train_test_pre_processing(test_data, target_column)"
   ]
  },
  {
   "cell_type": "code",
   "execution_count": 22,
   "id": "4eb6dd35",
   "metadata": {},
   "outputs": [
    {
     "data": {
      "text/plain": [
       "(   sepal-length  sepal-width  petal-length  petal-width\n",
       " 0           5.1          3.5           1.4          0.2\n",
       " 1           4.9          3.0           1.4          0.2\n",
       " 2           4.7          3.2           1.3          0.2\n",
       " 3           4.6          3.1           1.5          0.2\n",
       " 4           5.0          3.6           1.4          0.2,\n",
       "          class\n",
       " 0  Iris-setosa\n",
       " 1  Iris-setosa\n",
       " 2  Iris-setosa\n",
       " 3  Iris-setosa\n",
       " 4  Iris-setosa)"
      ]
     },
     "execution_count": 22,
     "metadata": {},
     "output_type": "execute_result"
    }
   ],
   "source": [
    "X_test.head(), y_test.head()"
   ]
  },
  {
   "cell_type": "markdown",
   "id": "4d214353",
   "metadata": {},
   "source": [
    "**Model Training** (Basic classifier, as here idea is not to create the best model however focus is on MLFlow model serving)"
   ]
  },
  {
   "cell_type": "code",
   "execution_count": 23,
   "id": "503cd606",
   "metadata": {},
   "outputs": [
    {
     "name": "stderr",
     "output_type": "stream",
     "text": [
      "C:\\Users\\bishw\\anaconda3\\envs\\python37\\lib\\site-packages\\sklearn\\utils\\validation.py:993: DataConversionWarning: A column-vector y was passed when a 1d array was expected. Please change the shape of y to (n_samples, ), for example using ravel().\n",
      "  y = column_or_1d(y, warn=True)\n"
     ]
    }
   ],
   "source": [
    "model = training_basic_classifier(X_train,y_train)"
   ]
  },
  {
   "cell_type": "markdown",
   "id": "3b8ddc26",
   "metadata": {},
   "source": [
    "**See the prediction outcome**"
   ]
  },
  {
   "cell_type": "code",
   "execution_count": 26,
   "id": "11b650dc",
   "metadata": {
    "scrolled": true
   },
   "outputs": [
    {
     "name": "stdout",
     "output_type": "stream",
     "text": [
      "['Iris-setosa' 'Iris-setosa' 'Iris-setosa' 'Iris-setosa' 'Iris-setosa'\n",
      " 'Iris-setosa' 'Iris-setosa' 'Iris-setosa' 'Iris-setosa' 'Iris-setosa'\n",
      " 'Iris-setosa' 'Iris-setosa' 'Iris-setosa' 'Iris-setosa' 'Iris-setosa'\n",
      " 'Iris-setosa' 'Iris-setosa' 'Iris-setosa' 'Iris-setosa' 'Iris-setosa'\n",
      " 'Iris-setosa' 'Iris-setosa' 'Iris-setosa' 'Iris-setosa' 'Iris-setosa'\n",
      " 'Iris-setosa' 'Iris-setosa' 'Iris-setosa' 'Iris-setosa' 'Iris-setosa'\n",
      " 'Iris-setosa' 'Iris-setosa' 'Iris-setosa' 'Iris-setosa' 'Iris-setosa'\n",
      " 'Iris-setosa' 'Iris-setosa' 'Iris-setosa' 'Iris-setosa' 'Iris-setosa'\n",
      " 'Iris-setosa' 'Iris-setosa' 'Iris-setosa' 'Iris-setosa' 'Iris-setosa'\n",
      " 'Iris-setosa' 'Iris-setosa' 'Iris-setosa' 'Iris-setosa' 'Iris-setosa'\n",
      " 'Iris-versicolor' 'Iris-versicolor' 'Iris-versicolor' 'Iris-versicolor'\n",
      " 'Iris-versicolor' 'Iris-versicolor' 'Iris-versicolor' 'Iris-versicolor'\n",
      " 'Iris-versicolor' 'Iris-versicolor' 'Iris-versicolor' 'Iris-versicolor'\n",
      " 'Iris-versicolor' 'Iris-versicolor' 'Iris-versicolor' 'Iris-versicolor'\n",
      " 'Iris-versicolor' 'Iris-versicolor' 'Iris-versicolor' 'Iris-versicolor'\n",
      " 'Iris-versicolor' 'Iris-versicolor' 'Iris-versicolor' 'Iris-versicolor'\n",
      " 'Iris-versicolor' 'Iris-versicolor' 'Iris-versicolor' 'Iris-versicolor'\n",
      " 'Iris-versicolor' 'Iris-versicolor' 'Iris-versicolor' 'Iris-versicolor'\n",
      " 'Iris-versicolor' 'Iris-virginica' 'Iris-versicolor' 'Iris-versicolor'\n",
      " 'Iris-versicolor' 'Iris-versicolor' 'Iris-versicolor' 'Iris-versicolor'\n",
      " 'Iris-versicolor' 'Iris-versicolor' 'Iris-versicolor' 'Iris-versicolor'\n",
      " 'Iris-versicolor' 'Iris-versicolor' 'Iris-versicolor' 'Iris-versicolor'\n",
      " 'Iris-versicolor' 'Iris-versicolor' 'Iris-virginica' 'Iris-virginica'\n",
      " 'Iris-virginica' 'Iris-virginica' 'Iris-virginica' 'Iris-virginica'\n",
      " 'Iris-versicolor' 'Iris-virginica' 'Iris-virginica' 'Iris-virginica'\n",
      " 'Iris-virginica' 'Iris-virginica' 'Iris-virginica' 'Iris-virginica'\n",
      " 'Iris-virginica' 'Iris-virginica' 'Iris-virginica' 'Iris-virginica'\n",
      " 'Iris-virginica' 'Iris-versicolor' 'Iris-virginica' 'Iris-virginica'\n",
      " 'Iris-virginica' 'Iris-versicolor' 'Iris-virginica' 'Iris-virginica'\n",
      " 'Iris-versicolor' 'Iris-virginica']\n",
      "[[9.82571915e-01 1.74280287e-02 5.59350166e-08]\n",
      " [9.73496084e-01 2.65037997e-02 1.15877851e-07]\n",
      " [9.86217208e-01 1.37827419e-02 4.99137544e-08]\n",
      " [9.77405857e-01 2.25939936e-02 1.49112751e-07]\n",
      " [9.85898322e-01 1.41016314e-02 4.66607042e-08]\n",
      " [9.70687473e-01 2.93122810e-02 2.45902839e-07]\n",
      " [9.87306144e-01 1.26937782e-02 7.73691179e-08]\n",
      " [9.77365016e-01 2.26348809e-02 1.03169272e-07]\n",
      " [9.80984600e-01 1.90152804e-02 1.19783288e-07]\n",
      " [9.70906319e-01 2.90935619e-02 1.19523922e-07]\n",
      " [9.77324088e-01 2.26758402e-02 7.13815388e-08]\n",
      " [9.76195881e-01 2.38039601e-02 1.58856296e-07]\n",
      " [9.76200779e-01 2.37991366e-02 8.43246868e-08]\n",
      " [9.92504745e-01 7.49523728e-03 1.74776768e-08]\n",
      " [9.88695828e-01 1.13041606e-02 1.16308011e-08]\n",
      " [9.86731886e-01 1.32680673e-02 4.64539328e-08]\n",
      " [9.88411182e-01 1.15887822e-02 3.58549918e-08]\n",
      " [9.82262121e-01 1.77378039e-02 7.50369862e-08]\n",
      " [9.57620968e-01 4.23788026e-02 2.29294487e-07]\n",
      " [9.84414524e-01 1.55854000e-02 7.60693082e-08]\n",
      " [9.48943316e-01 5.10563893e-02 2.94346049e-07]\n",
      " [9.82103344e-01 1.78965371e-02 1.19287626e-07]\n",
      " [9.96178344e-01 3.82164997e-03 6.07149754e-09]\n",
      " [9.53617904e-01 4.63813225e-02 7.73196693e-07]\n",
      " [9.52765749e-01 4.72335848e-02 6.66051335e-07]\n",
      " [9.54265449e-01 4.57342432e-02 3.08243243e-07]\n",
      " [9.70487212e-01 2.95124877e-02 2.99887628e-07]\n",
      " [9.75945733e-01 2.40541738e-02 9.27438677e-08]\n",
      " [9.78477981e-01 2.15219522e-02 6.69993739e-08]\n",
      " [9.72371883e-01 2.76279060e-02 2.11414202e-07]\n",
      " [9.65964915e-01 3.40348325e-02 2.52617470e-07]\n",
      " [9.66417031e-01 3.35827650e-02 2.04269520e-07]\n",
      " [9.88537734e-01 1.14622387e-02 2.71053544e-08]\n",
      " [9.89238918e-01 1.07610614e-02 2.06995827e-08]\n",
      " [9.70906319e-01 2.90935619e-02 1.19523922e-07]\n",
      " [9.85649759e-01 1.43502080e-02 3.32290915e-08]\n",
      " [9.80134195e-01 1.98657669e-02 3.81658752e-08]\n",
      " [9.70906319e-01 2.90935619e-02 1.19523922e-07]\n",
      " [9.86646251e-01 1.33536861e-02 6.32702117e-08]\n",
      " [9.75226236e-01 2.47736585e-02 1.05711205e-07]\n",
      " [9.87171213e-01 1.28287423e-02 4.51752287e-08]\n",
      " [9.65552776e-01 3.44469660e-02 2.58114138e-07]\n",
      " [9.89521475e-01 1.04784787e-02 4.62494597e-08]\n",
      " [9.72874731e-01 2.71248066e-02 4.62173020e-07]\n",
      " [9.60139704e-01 3.98596005e-02 6.95290962e-07]\n",
      " [9.75353025e-01 2.46468235e-02 1.51717104e-07]\n",
      " [9.80680385e-01 1.93195232e-02 9.18012123e-08]\n",
      " [9.84115792e-01 1.58841293e-02 7.88478441e-08]\n",
      " [9.79285604e-01 2.07143261e-02 6.96521617e-08]\n",
      " [9.79750955e-01 2.02489706e-02 7.45194128e-08]\n",
      " [1.99870572e-03 9.03080768e-01 9.49205263e-02]\n",
      " [5.37238093e-03 8.84133763e-01 1.10493856e-01]\n",
      " [1.04822789e-03 7.97585033e-01 2.01366739e-01]\n",
      " [1.46725959e-02 9.37073103e-01 4.82543007e-02]\n",
      " [2.27690413e-03 8.50570157e-01 1.47152939e-01]\n",
      " [6.46775782e-03 8.78047078e-01 1.15485164e-01]\n",
      " [3.59103756e-03 7.78660225e-01 2.17748738e-01]\n",
      " [1.44870497e-01 8.50344453e-01 4.78504979e-03]\n",
      " [2.61682964e-03 9.15047807e-01 8.23353636e-02]\n",
      " [3.82564468e-02 9.10791082e-01 5.09524709e-02]\n",
      " [5.54086544e-02 9.35242564e-01 9.34878156e-03]\n",
      " [1.39067136e-02 9.06093699e-01 7.99995870e-02]\n",
      " [8.97158192e-03 9.74697862e-01 1.63305560e-02]\n",
      " [2.89741050e-03 8.22939062e-01 1.74163528e-01]\n",
      " [7.03496800e-02 9.16477705e-01 1.31726149e-02]\n",
      " [4.91794265e-03 9.36271864e-01 5.88101931e-02]\n",
      " [8.05194984e-03 8.08187544e-01 1.83760506e-01]\n",
      " [1.55731164e-02 9.64607488e-01 1.98193960e-02]\n",
      " [1.77831933e-03 8.29597900e-01 1.68623781e-01]\n",
      " [2.29450393e-02 9.57761576e-01 1.92933843e-02]\n",
      " [2.43700158e-03 5.41886572e-01 4.55676427e-01]\n",
      " [1.58777329e-02 9.56353343e-01 2.77689246e-02]\n",
      " [7.48378350e-04 6.82594008e-01 3.16657613e-01]\n",
      " [2.85806759e-03 8.85393678e-01 1.11748254e-01]\n",
      " [6.62702480e-03 9.47344001e-01 4.60289747e-02]\n",
      " [4.74252388e-03 9.30567828e-01 6.46896478e-02]\n",
      " [1.09175048e-03 8.48448160e-01 1.50460090e-01]\n",
      " [6.39200143e-04 6.00080309e-01 3.99280491e-01]\n",
      " [5.12844816e-03 8.42429926e-01 1.52441626e-01]\n",
      " [6.05189971e-02 9.34720482e-01 4.76052132e-03]\n",
      " [2.81291783e-02 9.55274390e-01 1.65964321e-02]\n",
      " [3.62301446e-02 9.53970869e-01 9.79898650e-03]\n",
      " [2.38820240e-02 9.55406690e-01 2.07112862e-02]\n",
      " [5.27849771e-04 4.66356922e-01 5.33115228e-01]\n",
      " [9.42816237e-03 7.86523048e-01 2.04048790e-01]\n",
      " [9.12016017e-03 8.25889816e-01 1.64990024e-01]\n",
      " [2.15519847e-03 8.49272079e-01 1.48572723e-01]\n",
      " [2.67308944e-03 9.21418257e-01 7.59086539e-02]\n",
      " [2.47446932e-02 9.30349352e-01 4.49059543e-02]\n",
      " [1.87385469e-02 9.36344674e-01 4.49167786e-02]\n",
      " [8.09951488e-03 9.05642941e-01 8.62575440e-02]\n",
      " [4.33118218e-03 8.58940833e-01 1.36727985e-01]\n",
      " [1.66815434e-02 9.55771832e-01 2.75466247e-02]\n",
      " [1.20213119e-01 8.75010943e-01 4.77593754e-03]\n",
      " [1.34113482e-02 9.23004791e-01 6.35838608e-02]\n",
      " [1.83237626e-02 9.40309806e-01 4.13664317e-02]\n",
      " [1.57200112e-02 9.28498127e-01 5.57818615e-02]\n",
      " [7.91143692e-03 9.39978221e-01 5.21103424e-02]\n",
      " [2.41692608e-01 7.56062424e-01 2.24496871e-03]\n",
      " [1.77724249e-02 9.36786668e-01 4.54409074e-02]\n",
      " [2.08662816e-06 1.15079386e-02 9.88489975e-01]\n",
      " [3.23585191e-04 2.50746937e-01 7.48929478e-01]\n",
      " [5.23999683e-06 6.42937330e-02 9.35701027e-01]\n",
      " [5.15948003e-05 1.59184947e-01 8.40763458e-01]\n",
      " [7.61170487e-06 4.30933749e-02 9.56899013e-01]\n",
      " [1.60795529e-07 1.64040424e-02 9.83595797e-01]\n",
      " [5.65530923e-03 5.68745272e-01 4.25599419e-01]\n",
      " [1.47462466e-06 6.00666735e-02 9.39931852e-01]\n",
      " [9.81861640e-06 1.14965656e-01 8.85024525e-01]\n",
      " [1.61409113e-06 1.79398217e-02 9.82058564e-01]\n",
      " [3.97897827e-04 3.24738527e-01 6.74863575e-01]\n",
      " [1.07081326e-04 2.31940097e-01 7.67952822e-01]\n",
      " [3.67314133e-05 1.32591346e-01 8.67371922e-01]\n",
      " [3.04940840e-04 2.21277345e-01 7.78417714e-01]\n",
      " [1.06961963e-04 8.01928582e-02 9.19700180e-01]\n",
      " [8.46851043e-05 1.06710352e-01 8.93204963e-01]\n",
      " [8.60787471e-05 2.23109386e-01 7.76804536e-01]\n",
      " [2.55024599e-07 1.37930926e-02 9.86206652e-01]\n",
      " [1.08864466e-08 4.19362283e-03 9.95806366e-01]\n",
      " [4.37270075e-04 5.53182597e-01 4.46380133e-01]\n",
      " [1.12031966e-05 5.77335481e-02 9.42255249e-01]\n",
      " [7.61074482e-04 2.75053795e-01 7.24185130e-01]\n",
      " [9.41778334e-08 1.67604091e-02 9.83239497e-01]\n",
      " [6.66968323e-04 5.02279420e-01 4.97053612e-01]\n",
      " [2.41140363e-05 8.81391998e-02 9.11836686e-01]\n",
      " [9.75121362e-06 1.23266442e-01 8.76723806e-01]\n",
      " [1.16075068e-03 5.56435625e-01 4.42403624e-01]\n",
      " [1.14424500e-03 4.95658417e-01 5.03197338e-01]]\n"
     ]
    }
   ],
   "source": [
    "y_pred = predict_on_test_data(model,X_test)\n",
    "print(y_pred)\n",
    "y_pred_prob = predict_prob_on_test_data(model,X_test)\n",
    "print(y_pred_prob)"
   ]
  },
  {
   "cell_type": "markdown",
   "id": "8ac3d8ab",
   "metadata": {},
   "source": [
    "**print some metrics**"
   ]
  },
  {
   "cell_type": "code",
   "execution_count": 27,
   "id": "12c013fa",
   "metadata": {},
   "outputs": [],
   "source": [
    "run_metrics = get_metrics(y_test, y_pred, y_pred_prob)"
   ]
  },
  {
   "cell_type": "code",
   "execution_count": 28,
   "id": "472e4c77",
   "metadata": {},
   "outputs": [
    {
     "data": {
      "text/plain": [
       "{'accuracy': 0.96, 'precision': 0.96, 'recall': 0.96}"
      ]
     },
     "execution_count": 28,
     "metadata": {},
     "output_type": "execute_result"
    }
   ],
   "source": [
    "run_metrics"
   ]
  },
  {
   "cell_type": "markdown",
   "id": "034ad9f6",
   "metadata": {},
   "source": [
    "**Generate Confusion Matrix**"
   ]
  },
  {
   "cell_type": "code",
   "execution_count": 29,
   "id": "90ca5866",
   "metadata": {},
   "outputs": [
    {
     "name": "stderr",
     "output_type": "stream",
     "text": [
      "C:\\Users\\bishw\\anaconda3\\envs\\python37\\lib\\site-packages\\sklearn\\utils\\deprecation.py:87: FutureWarning: Function plot_confusion_matrix is deprecated; Function `plot_confusion_matrix` is deprecated in 1.0 and will be removed in 1.2. Use one of the class methods: ConfusionMatrixDisplay.from_predictions or ConfusionMatrixDisplay.from_estimator.\n",
      "  warnings.warn(msg, category=FutureWarning)\n"
     ]
    },
    {
     "data": {
